<?xml version="1.0"?>
<opencv_storage>
<images type_id="opencv-matrix">
  <rows>210</rows>
  <cols>20</cols>
  <dt>u</dt>
  <data>
    0 0 0 0 0 0 255 255 255 255 255 255 255 255 0 0 0 0 0 0 0 0 0 0 0
    255 255 255 255 255 255 255 255 255 255 255 0 0 0 0 0 0 0 0 255 255
    255 255 255 255 255 255 255 255 255 255 255 0 0 0 0 0 0 255 255 255
    255 255 255 255 255 255 255 255 255 255 255 255 0 0 0 0 255 255 255
    255 255 255 255 255 255 255 255 255 255 255 255 255 255 0 0 255 255
    255 255 255 255 255 255 255 255 255 255 255 255 255 255 255 255 0 0
    255 255 255 255 255 255 255 255 255 255 255 255 255 255 255 255 255
    255 0 0 255 255 255 255 255 255 255 0 0 0 0 255 255 255 255 255 255
    255 255 0 255 255 255 255 255 255 255 0 0 0 0 0 255 255 255 255 255
    255 255 255 255 255 255 255 255 255 255 0 0 0 0 0 255 255 255 255
    255 255 255 255 255 255 255 255 255 255 0 0 0 0 0 0 255 255 255 255
    255 255 255 255 255 255 255 255 255 255 0 0 0 0 0 0 255 255 255 255
    255 255 255 255 255 255 255 255 255 255 0 0 0 0 0 0 255 255 255 255
    255 255 255 255 255 255 255 255 255 255 0 0 0 0 0 0 255 255 255 255
    255 255 255 255 255 255 255 255 255 255 0 0 0 0 0 0 255 255 255 255
    255 255 255 255 255 255 255 255 255 255 0 0 0 0 0 0 255 255 255 255
    255 255 255 255 255 255 255 255 255 255 0 0 0 0 0 0 255 255 255 255
    255 255 255 255 255 255 255 255 255 255 0 0 0 0 0 0 255 255 255 255
    255 255 255 255 255 255 255 255 255 255 0 0 0 0 0 0 255 255 255 255
    255 255 255 255 255 255 255 255 255 255 0 0 0 0 0 0 255 255 255 255
    255 255 255 255 255 255 255 255 255 255 0 0 0 0 0 0 255 255 255 255
    255 255 255 255 255 255 255 255 255 255 0 0 0 0 0 0 255 255 255 255
    255 255 255 0 255 255 255 255 255 255 255 0 0 0 0 255 255 255 255
    255 255 255 0 0 255 255 255 255 255 255 255 255 0 0 255 255 255 255
    255 255 255 255 0 0 255 255 255 255 255 255 255 255 255 255 255 255
    255 255 255 255 255 255 0 0 255 255 255 255 255 255 255 255 255 255
    255 255 255 255 255 255 255 0 0 0 0 255 255 255 255 255 255 255 255
    255 255 255 255 255 255 255 255 0 0 0 0 0 255 255 255 255 255 255
    255 255 255 255 255 255 255 255 0 0 0 0 0 0 0 255 255 255 255 255
    255 255 255 255 255 255 255 0 0 0 0 0 0 0 0 0 0 255 255 255 255 255
    255 255 255 0 0 0 0 0 0 0 0 0 0 0 0 255 255 255 255 255 255 255 255
    255 0 0 0 0 0 0 0 0 0 255 255 255 255 255 255 255 255 255 255 255
    255 0 0 0 0 0 0 0 255 255 255 255 255 255 255 255 255 255 255 255
    255 255 0 0 0 0 0 255 255 255 255 255 255 255 255 255 255 255 255
    255 255 255 255 0 0 0 0 255 255 255 255 255 255 0 0 0 0 255 255 255
    255 255 255 0 0 0 255 255 255 255 255 255 0 0 0 0 0 0 255 255 255
    255 255 255 0 0 255 255 255 255 255 0 0 0 0 0 0 0 0 255 255 255 255
    255 0 0 255 255 255 255 255 0 0 0 0 0 0 0 0 0 255 255 255 255 0 0
    255 255 255 255 0 0 0 0 0 0 0 0 0 0 255 255 255 255 255 255 255 255
    255 255 0 0 0 0 0 0 0 0 0 0 255 255 255 255 255 255 255 255 255 255
    0 0 0 0 0 0 0 0 0 0 255 255 255 255 255 255 255 255 255 255 0 0 0 0
    0 0 0 0 0 0 255 255 255 255 255 255 255 255 255 255 0 0 0 0 0 0 0 0
    0 0 255 255 255 255 255 255 255 255 255 255 0 0 0 0 0 0 0 0 0 0 255
    255 255 255 255 255 255 255 255 255 0 0 0 0 0 0 0 0 0 0 255 255 255
    255 255 255 255 255 255 255 0 0 0 0 0 0 0 0 0 0 255 255 255 255 255
    255 255 255 255 255 0 0 0 0 0 0 0 0 0 0 255 255 255 255 255 255 255
    255 255 255 0 0 0 0 0 0 0 0 0 0 255 255 255 255 255 255 255 255 255
    255 0 0 0 0 0 0 0 0 0 0 255 255 255 255 255 255 255 255 255 255 0 0
    0 0 0 0 0 0 0 0 255 255 255 255 255 255 255 255 255 255 0 0 0 0 0 0
    0 0 0 0 255 255 255 255 255 0 255 255 255 255 0 0 0 0 0 0 0 0 0 0
    255 255 255 255 255 0 255 255 255 255 255 0 0 0 0 0 0 0 0 0 255 255
    255 255 0 0 255 255 255 255 255 0 0 0 0 0 0 0 0 255 255 255 255 255
    0 0 255 255 255 255 255 255 0 0 0 0 0 0 255 255 255 255 255 255 0 0
    0 255 255 255 255 255 255 0 0 0 0 255 255 255 255 255 255 255 0 0 0
    255 255 255 255 255 255 255 255 255 255 255 255 255 255 255 255 0 0
    0 0 0 255 255 255 255 255 255 255 255 255 255 255 255 255 255 0 0 0
    0 0 0 0 255 255 255 255 255 255 255 255 255 255 255 255 0 0 0 0 0 0
    0 0 0 255 255 255 255 255 255 255 255 255 255 0 0 0 0 0 0 0 0 0 0 0
    0 255 255 255 255 255 255 0 0 0 0 0 0 0 0 0 0 0 0 255 255 255 255
    255 255 255 255 255 255 0 0 0 0 0 0 0 0 0 255 255 255 255 255 255
    255 255 255 255 255 255 0 0 0 0 0 0 0 255 255 255 255 255 255 255
    255 255 255 255 255 255 255 0 0 0 0 0 0 255 255 255 255 255 255 255
    255 255 255 255 255 255 255 0 0 0 0 0 255 255 255 255 255 255 255
    255 255 255 255 255 255 255 255 255 0 0 0 0 255 255 255 255 255 255
    255 255 255 255 255 255 255 255 255 255 0 0 0 255 255 255 255 255
    255 255 255 255 255 255 255 255 255 255 255 255 255 0 0 255 255 255
    255 255 255 255 255 0 0 255 255 255 255 255 255 255 255 0 0 255 255
    255 255 255 255 255 0 0 0 0 255 255 255 255 255 255 255 0 255 255
    255 255 255 255 255 255 0 0 0 0 255 255 255 255 255 255 255 255 255
    255 255 255 255 255 255 0 0 0 0 0 0 255 255 255 255 255 255 255 255
    255 255 255 255 255 255 0 0 0 0 0 0 255 255 255 255 255 255 255 255
    255 255 255 255 255 255 0 0 0 0 0 0 255 255 255 255 255 255 255 255
    255 255 255 255 255 255 0 0 0 0 0 0 255 255 255 255 255 255 255 255
    255 255 255 255 255 255 0 0 0 0 0 0 255 255 255 255 255 255 255 255
    255 255 255 255 255 255 0 0 0 0 0 0 255 255 255 255 255 255 255 255
    255 255 255 255 255 255 0 0 0 0 0 0 255 255 255 255 255 255 255 255
    255 255 255 255 255 255 0 0 0 0 0 0 255 255 255 255 255 255 255 255
    255 255 255 255 255 255 255 0 0 0 0 255 255 255 255 255 255 255 255
    0 255 255 255 255 255 255 255 0 0 0 0 255 255 255 255 255 255 255 0
    0 255 255 255 255 255 255 255 255 0 0 255 255 255 255 255 255 255
    255 0 0 255 255 255 255 255 255 255 255 255 255 255 255 255 255 255
    255 255 255 0 0 255 255 255 255 255 255 255 255 255 255 255 255 255
    255 255 255 255 255 0 0 0 255 255 255 255 255 255 255 255 255 255
    255 255 255 255 255 255 0 0 0 0 0 255 255 255 255 255 255 255 255
    255 255 255 255 255 255 0 0 0 0 0 0 255 255 255 255 255 255 255 255
    255 255 255 255 255 255 0 0 0 0 0 0 0 255 255 255 255 255 255 255
    255 255 255 255 255 0 0 0 0 0 0 0 0 0 255 255 255 255 255 255 255
    255 255 255 0 0 0 0 0 0 0 0 0 0 0 0 255 255 255 255 255 255 0 0 0 0
    0 0 0 0 0 0 0 0 255 255 255 255 255 255 255 255 0 0 0 0 0 0 0 0 0 0
    0 255 255 255 255 255 255 255 255 255 255 255 255 0 0 0 0 0 0 0 255
    255 255 255 255 255 255 255 255 255 255 255 255 255 0 0 0 0 0 255
    255 255 255 255 255 255 255 255 255 255 255 255 255 255 0 0 0 0 255
    255 255 255 255 255 255 0 0 0 0 255 255 255 255 255 255 0 0 0 255
    255 255 255 255 255 0 0 0 0 0 0 255 255 255 255 255 255 0 255 255
    255 255 255 255 0 0 0 0 0 0 0 255 255 255 255 255 255 0 255 255 255
    255 255 0 0 0 0 0 0 0 0 0 255 255 255 255 255 0 255 255 255 255 255
    0 0 0 0 0 0 0 0 0 0 255 255 255 255 0 255 255 255 255 255 0 0 0 0 0
    0 0 0 0 0 255 255 255 255 255 255 255 255 255 0 0 0 0 0 0 0 0 0 0 0
    255 255 255 255 255 255 255 255 255 0 0 0 0 0 0 0 0 0 0 0 255 255
    255 255 255 255 255 255 255 0 0 0 0 0 0 0 0 0 0 0 255 255 255 255
    255 255 255 255 255 0 0 0 0 0 0 0 0 0 0 0 255 255 255 255 255 255
    255 255 255 0 0 0 0 0 0 0 0 0 0 0 255 255 255 255 255 255 255 255
    255 0 0 0 0 0 0 0 0 0 0 0 255 255 255 255 255 255 255 255 255 0 0 0
    0 0 0 0 0 0 0 0 255 255 255 255 255 255 255 255 255 0 0 0 0 0 0 0 0
    0 0 0 255 255 255 255 255 255 255 255 255 0 0 0 0 0 0 0 0 0 0 0 255
    255 255 255 255 255 255 255 255 0 0 0 0 0 0 0 0 0 0 0 255 255 255
    255 255 255 255 255 255 255 0 0 0 0 0 0 0 0 0 0 255 255 255 255 255
    255 255 255 255 255 0 0 0 0 0 0 0 0 0 0 255 255 255 255 0 255 255
    255 255 255 0 0 0 0 0 0 0 0 0 255 255 255 255 255 0 0 255 255 255
    255 255 0 0 0 0 0 0 0 255 255 255 255 255 255 0 0 255 255 255 255
