<?xml version="1.0"?>
<opencv_storage>
<images type_id="opencv-matrix">
  <rows>1</rows>
  <cols>600</cols>
  <dt>f</dt>
  <data>
    0. 0. 0. 0. 0. 0. 0. 0. 8.50980461e-01 1. 1. 1. 1. 1. 1. 1. 1.
    2.50980407e-01 0. 0. 0. 0. 0. 0. 0. 0. 4.54901993e-01 7.01960802e-01
    9.52941239e-01 1. 1. 1. 1. 1. 1. 1. 1. 7.76470661e-01 1.05882362e-01
    0. 0. 0. 0. 0. 2.23529428e-01 5.01960814e-01 8.23529482e-01 1. 1. 1.
    1. 1. 1. 1. 1. 1. 1. 1. 5.76470613e-01 2.35294141e-02 0. 0. 0.
    1.05882362e-01 6.15686297e-01 1. 1. 1. 1. 1. 1. 1. 1. 1. 1. 1. 1. 1.
    1. 5.09803966e-02 0. 0. 2.35294141e-02 4.15686309e-01 1. 1. 1. 1. 1.
    9.05882418e-01 8.98039281e-01 8.98039281e-01 8.98039281e-01
    8.98039281e-01 9.45098102e-01 1. 1. 1. 9.13725555e-01 4.31372561e-02
    0. 0. 2.23529428e-01 9.33333397e-01 1. 1. 1. 1. 1. 1.45098045e-01
    1.01960793e-01 1.01960793e-01 1.01960793e-01 1.01960793e-01
    5.05882382e-01 1. 1. 1. 2.35294133e-01 3.92156886e-03 0. 0.
    2.50980407e-01 1. 1. 1. 1. 4.74509835e-01 2.98039228e-01
    1.56862754e-02 0. 0. 0. 0. 1.33333340e-01 2.98039228e-01
    2.98039228e-01 2.98039228e-01 4.31372561e-02 0. 0. 7.45098069e-02
    6.23529434e-01 1. 1. 1. 6.74509823e-01 1.25490203e-01 0. 0. 0. 0. 0.
    0. 0. 0. 0. 0. 0. 0. 0. 1.49019614e-01 1. 1. 1. 1. 3.49019617e-01 0.
    0. 0. 0. 0. 0. 0. 0. 0. 0. 0. 0. 0. 0. 1.49019614e-01 1. 1. 1. 1.
    4.15686309e-01 2.35294141e-02 0. 0. 0. 0. 0. 0. 0. 0. 0. 0. 0. 0. 0.
    1.49019614e-01 1. 1. 1. 1. 9.33333397e-01 2.23529428e-01 0. 0. 0. 0.
    0. 0. 0. 0. 0. 0. 0. 0. 0. 1.49019614e-01 1. 1. 1. 1. 1.
    7.76470661e-01 7.01960802e-01 7.01960802e-01 7.01960802e-01
    7.01960802e-01 7.01960802e-01 7.01960802e-01 7.01960802e-01
    3.13725501e-01 0. 0. 0. 0. 0. 7.45098069e-02 6.23529434e-01 1. 1. 1.
    1. 1. 1. 1. 1. 1. 1. 1. 1. 7.25490212e-01 5.01960814e-01
    1.25490203e-01 0. 0. 0. 0. 2.50980407e-01 1. 1. 1. 1. 1. 1. 1. 1. 1.
    1. 1. 1. 1. 1. 4.74509835e-01 4.31372561e-02 0. 0. 0. 2.23529428e-01
    8.98039281e-01 9.45098102e-01 1. 1. 1. 1. 1. 1. 1. 1. 1. 1. 1. 1. 1.
    2.35294133e-01 3.92156886e-03 0. 0. 2.35294141e-02 1.01960793e-01
    5.05882382e-01 1. 1. 1. 1. 1. 1. 1. 1. 1. 1. 1. 1. 1. 9.13725555e-01
    4.31372561e-02 0. 0. 0. 0. 1.33333340e-01 2.98039228e-01
    7.52941251e-01 1. 1. 1. 1. 1. 1. 1. 1. 1. 1. 1. 1. 5.09803966e-02 0.
    0. 0. 0. 0. 0. 3.25490206e-01 5.01960814e-01 5.01960814e-01
    5.01960814e-01 5.01960814e-01 5.01960814e-01 5.01960814e-01
    5.01960814e-01 7.25490212e-01 1. 1. 1. 1. 5.25490224e-01 0. 0. 0. 0.
    0. 0. 0. 0. 0. 0. 0. 0. 0. 0. 3.13725501e-01 8.66666734e-01 1. 1. 1.
    1. 3.92156886e-03 1.01960793e-01 1.01960793e-01 6.66666701e-02 0. 0.
    0. 0. 0. 0. 0. 0. 0. 0. 0. 4.94117677e-01 9.64705944e-01 1. 1. 1.
    4.31372561e-02 8.98039281e-01 8.98039281e-01 5.84313750e-01 0. 0. 0.
    0. 0. 0. 0. 0. 0. 0. 0. 5.49019650e-02 6.86274529e-01 1. 1. 1.
    7.13725507e-01 1. 1. 6.50980413e-01 0. 0. 0. 0. 0. 0. 0. 0. 0. 0. 0.
    3.84313762e-01 8.94117713e-01 1. 1. 1. 1. 1. 1. 8.23529482e-01
    2.74509817e-01 0. 0. 0. 0. 0. 0. 0. 0. 0. 2.23529428e-01
    7.76470661e-01 1. 1. 1. 1. 1. 1. 1. 1. 6.82352960e-01 1.33333340e-01
    0. 0. 0. 0. 0. 4.31372561e-02 2.98039228e-01 2.98039228e-01
    6.15686297e-01 1. 1. 1. 1. 7.13725507e-01 1. 1. 1. 1. 1.
    5.05882382e-01 1.01960793e-01 1.01960793e-01 1.01960793e-01
    1.01960793e-01 1.01960793e-01 2.35294133e-01 1. 1. 1. 1. 1. 1. 1.
    5.09803966e-02 1. 1. 1. 1. 1. 9.45098102e-01 8.98039281e-01
    8.98039281e-01 8.98039281e-01 8.98039281e-01 8.98039281e-01
    9.13725555e-01 1. 1. 1. 1. 1. 1. 1. 5.09803966e-02 3.33333343e-01 1.
    1. 1. 1. 1. 1. 1. 1. 1. 1. 1. 1. 1. 1. 1. 1. 1. 4.03921604e-01
    1.56862754e-02 2.35294141e-02 5.76470613e-01 1. 1. 1. 1. 1. 1. 1. 1.
    1. 1. 1. 1. 1. 1. 1. 6.23529434e-01 7.45098069e-02 0. 0.
    1.05882362e-01 7.01960802e-01 8.03921640e-01 1. 1. 1. 1. 1. 1. 1. 1.
    1. 8.94117713e-01 7.01960802e-01 7.01960802e-01 7.01960802e-01
    1.76470593e-01 0. 0. 0. 0. 0. 3.49019617e-01 1. 1. 1. 1. 1. 1. 1. 1.
    1. 6.50980413e-01 0. 0. 0. 0. 0. 0.</data></images>
</opencv_storage>
