<?xml version="1.0"?>
<opencv_storage>
<images type_id="opencv-matrix">
  <rows>1</rows>
  <cols>600</cols>
  <dt>f</dt>
  <data>
    0. 0. 0. 0. 0. 3.49019617e-01 1. 1. 1. 1. 1. 4.50980425e-01 0. 0. 0.
    0. 0. 0. 0. 0. 0. 0. 1.49019614e-01 5.68627477e-01 6.00000024e-01
    7.41176486e-01 1. 1. 1. 1. 1. 7.80392230e-01 6.00000024e-01
    6.00000024e-01 6.00000024e-01 3.88235331e-01 0. 0. 0. 0. 0.
    1.84313729e-01 4.98039246e-01 9.64705944e-01 1. 1. 1. 1. 1. 1. 1. 1.
    1. 1. 1. 7.64705956e-01 3.17647070e-01 8.23529437e-02 0. 0.
    6.66666701e-02 5.80392182e-01 1. 1. 1. 1. 1. 1. 9.68627512e-01
    9.41176534e-01 9.88235354e-01 1. 1. 1. 1. 1. 9.49019670e-01
    2.50980407e-01 0. 0. 8.00000072e-01 9.09803987e-01 1. 1. 1. 1. 1. 1.
    6.39215708e-01 3.21568638e-01 8.78431439e-01 1. 1. 1. 1. 1.
    9.49019670e-01 2.50980407e-01 0. 0. 1. 1. 1. 1. 1. 8.11764777e-01
    4.66666698e-01 4.66666698e-01 2.54901975e-01 7.05882385e-02
    3.96078467e-01 4.66666698e-01 6.00000024e-01 9.72549081e-01 1. 1.
    9.76470649e-01 6.50980413e-01 2.94117659e-01 0. 7.33333349e-01
    7.33333349e-01 7.33333349e-01 7.33333349e-01 7.33333349e-01
    4.78431404e-01 0. 0. 0. 0. 0. 0. 2.50980407e-01 9.49019670e-01 1. 1.
    1. 1. 5.49019635e-01 0. 0. 0. 0. 0. 0. 0. 0. 0. 0. 0. 0. 0.
    2.50980407e-01 9.49019670e-01 1. 1. 1. 1. 5.49019635e-01 0. 0. 0. 0.
    0. 0. 0. 0. 0. 0. 0. 0. 0. 2.50980407e-01 9.49019670e-01 1. 1. 1. 1.
    5.49019635e-01 0. 0. 0. 0. 0. 0. 0. 0. 0. 0. 0. 0. 0. 2.50980407e-01
    9.49019670e-01 1. 1. 1. 1. 5.49019635e-01 0. 0. 0. 0. 0. 0. 0. 0. 0.
    0. 0. 0. 1.09803930e-01 4.00000036e-01 9.60784376e-01 1. 1.
    9.88235354e-01 8.50980461e-01 4.39215720e-01 0. 0. 0. 0. 0. 0. 0. 0.
    0. 0. 0. 0. 5.13725519e-01 9.49019670e-01 9.96078491e-01 1. 1.
    9.52941239e-01 2.98039228e-01 3.52941193e-02 0. 0. 0. 0. 0.
    4.31372583e-01 6.66666687e-01 6.66666687e-01 6.66666687e-01
    6.66666687e-01 6.66666687e-01 6.66666687e-01 8.50980461e-01 1. 1. 1.
    7.64705956e-01 3.17647070e-01 8.23529437e-02 0. 0. 0. 0.
    9.80392247e-02 3.80392194e-01 7.88235366e-01 1. 1. 1. 1. 1. 1. 1. 1.
    1. 1. 6.50980413e-01 0. 0. 0. 0. 0. 0. 2.50980407e-01 9.49019670e-01
    1. 1. 1. 1. 1. 1. 1. 1. 1. 1. 1. 6.50980413e-01 0. 0. 0. 0. 0. 0.
    2.50980407e-01 9.49019670e-01 1. 1. 1. 1. 1. 1. 1. 1. 1. 1. 1.
    6.50980413e-01 0. 0. 0. 0. 0. 0. 9.80392247e-02 3.80392194e-01
    7.88235366e-01 1. 1. 1. 7.29411781e-01 4.90196109e-01 9.09803987e-01
    1. 1. 1. 1. 8.58823597e-01 5.68627477e-01 1.49019614e-01 0. 0. 0. 0.
    0. 0. 4.31372583e-01 6.66666687e-01 6.66666687e-01 6.66666687e-01
    3.64705890e-01 9.80392247e-02 5.64705908e-01 6.66666687e-01
    7.49019623e-01 9.84313786e-01 1. 1. 9.64705944e-01 4.98039246e-01
    1.84313729e-01 0. 0. 0. 0. 0. 0. 0. 0. 0. 0. 0. 0. 0. 2.31372565e-01
    8.86274576e-01 9.76470649e-01 1. 1. 1. 5.80392182e-01 6.66666701e-02
    0. 0. 0. 0. 0. 0. 0. 0. 0. 0. 0. 0. 5.09803966e-02 1.92156881e-01
    7.21568644e-01 1. 1. 1. 9.09803987e-01 8.00000072e-01 0. 0. 0. 0. 0.
    0. 0. 0. 0. 0. 0. 0. 0. 0. 6.50980413e-01 1. 1. 1. 1. 1. 0. 0. 0. 0.
    0. 0. 0. 0. 0. 0. 0. 0. 0. 0. 6.50980413e-01 1. 1. 1. 1. 1. 0. 0. 0.
    0. 0. 0. 0. 0. 0. 0. 0. 0. 0. 0. 6.50980413e-01 1. 1. 1. 1. 1.
    7.33333349e-01 7.33333349e-01 7.33333349e-01 7.33333349e-01
    2.54901975e-01 0. 0. 0. 0. 0. 0. 0. 1.84313729e-01 6.98039234e-01
    9.05882418e-01 1. 1. 1. 6.70588255e-01 2.66666681e-01 1. 1. 1. 1.
    6.54901981e-01 4.66666698e-01 4.43137288e-01 1.17647067e-01 0.
    7.05882385e-02 3.96078467e-01 4.66666698e-01 6.00000024e-01
    9.72549081e-01 1. 1. 1. 1. 5.49019635e-01 0. 1. 1. 1. 1. 1. 1.
    9.60784376e-01 4.00000036e-01 2.00000018e-01 3.21568638e-01
    8.78431439e-01 1. 1. 1. 1. 1. 9.88235354e-01 8.50980461e-01
    4.39215720e-01 0. 1. 1. 1. 1. 1. 1. 9.96078491e-01 9.49019670e-01
    9.33333397e-01 9.41176534e-01 9.88235354e-01 1. 1. 1. 1. 1.
    9.52941239e-01 2.98039228e-01 3.52941193e-02 0. 3.33333343e-01
    6.98039234e-01 1. 1. 1. 1. 1. 1. 1. 1. 1. 1. 1. 1. 1. 7.64705956e-01
    3.17647070e-01 8.23529437e-02 0. 0. 0. 3.29411775e-01 6.00000024e-01
    6.00000024e-01 6.00000024e-01 7.41176486e-01 1. 1. 1. 1. 1.
    7.80392230e-01 6.00000024e-01 6.00000024e-01 6.00000024e-01
    3.88235331e-01 0. 0. 0. 0. 0. 0. 0. 0. 0. 3.49019617e-01 1. 1. 1. 1.
    1. 4.50980425e-01 0. 0. 0. 0. 0. 0. 0. 0.</data></images>
</opencv_storage>
