<?xml version="1.0"?>
<opencv_storage>
<images type_id="opencv-matrix">
  <rows>1</rows>
  <cols>600</cols>
  <dt>f</dt>
  <data>
    0. 0. 0. 0. 6.66666701e-02 1.01960793e-01 9.76470649e-01 1. 1. 1. 1.
    1. 1. 1.01960793e-01 8.23529437e-02 0. 0. 0. 0. 0. 0. 0. 0.
    1.56862751e-01 7.72549093e-01 1. 1. 1. 1. 1. 1. 1. 1. 1.
    8.78431439e-01 2.03921586e-01 0. 0. 0. 0. 0. 0. 1.88235313e-01
    7.60784388e-01 1. 1. 1. 9.37254965e-01 5.01960814e-01 5.01960814e-01
    5.01960814e-01 8.62745166e-01 1. 1. 1. 8.39215755e-01 2.62745112e-01
    0. 0. 0. 0. 0. 3.72549027e-01 1. 1. 1. 1. 2.62745112e-01 0. 0. 0.
    2.15686291e-01 9.09803987e-01 1. 1. 1. 5.25490224e-01 0. 0. 0. 0.
    2.03921586e-01 9.37254965e-01 1. 1. 1. 1.21568635e-01 0. 0. 0. 0. 0.
    8.62745121e-02 1. 1. 1. 9.52941239e-01 3.37254912e-01 0. 0.
    7.84313772e-03 3.01960796e-01 1. 1. 1. 1.72549024e-01 0. 0. 0. 0. 0.
    0. 0. 2.35294141e-02 1. 1. 1. 1. 2.23529428e-01 0. 7.45098069e-02 1.
    1. 1. 7.96078503e-01 1.21568635e-01 0. 0. 0. 0. 0. 0. 0.
    1.56862754e-02 7.52941251e-01 1. 1. 1. 2.23529428e-01 0.
    7.45098069e-02 1. 1. 1. 3.25490206e-01 0. 0. 0. 0. 0. 0. 0. 0. 0.
    1.76470593e-01 1. 1. 1. 6.11764729e-01 3.92156877e-02 7.21568644e-01
    1. 1. 1. 3.25490206e-01 0. 0. 0. 0. 0. 0. 0. 0. 0. 1.72549024e-01 1.
    1. 1. 1. 7.45098069e-02 1. 1. 1. 1. 3.25490206e-01 0. 0. 0. 0. 0. 0.
    0. 0. 0. 1.72549024e-01 1. 1. 1. 1. 7.45098069e-02 1. 1. 1. 1.
    3.25490206e-01 0. 0. 0. 0. 0. 0. 0. 0. 0. 0. 3.25490206e-01 1. 1. 1.
    7.45098069e-02 1. 1. 1. 8.43137324e-01 2.27450997e-01 0. 0. 0. 0. 0.
    0. 0. 0. 0. 0. 3.25490206e-01 1. 1. 1. 7.45098069e-02 1. 1. 1.
    4.74509835e-01 0. 0. 0. 0. 0. 0. 0. 0. 0. 0. 0. 3.25490206e-01 1. 1.
    1. 5.37254930e-01 1. 1. 1. 4.74509835e-01 0. 0. 0. 0. 0. 0. 0. 0. 0.
    0. 0. 3.25490206e-01 1. 1. 1. 1. 1. 1. 1. 4.74509835e-01 0. 0. 0. 0.
    0. 0. 0. 0. 0. 0. 0. 3.25490206e-01 1. 1. 1. 1. 1. 1. 1.
    4.74509835e-01 0. 0. 0. 0. 0. 0. 0. 0. 0. 0. 0. 3.25490206e-01 1. 1.
    1. 1. 1. 1. 1. 4.74509835e-01 0. 0. 0. 0. 0. 0. 0. 0. 0. 0. 0.
    3.25490206e-01 1. 1. 1. 1. 1. 1. 1. 4.74509835e-01 0. 0. 0. 0. 0. 0.
    0. 0. 0. 0. 0. 3.25490206e-01 1. 1. 1. 5.37254930e-01 1. 1. 1.
    8.43137324e-01 2.27450997e-01 0. 0. 0. 0. 0. 0. 0. 0. 0. 0.
    3.25490206e-01 1. 1. 1. 7.45098069e-02 1. 1. 1. 1. 3.25490206e-01 0.
    0. 0. 0. 0. 0. 0. 0. 0. 0. 3.25490206e-01 1. 1. 1. 7.45098069e-02 1.
    1. 1. 1. 3.25490206e-01 0. 0. 0. 0. 0. 0. 0. 0. 0. 1.72549024e-01 1.
    1. 1. 1. 7.45098069e-02 7.21568644e-01 1. 1. 1. 3.25490206e-01 0. 0.
    0. 0. 0. 0. 0. 0. 0. 1.72549024e-01 1. 1. 1. 1. 7.45098069e-02
    7.45098069e-02 1. 1. 1. 3.25490206e-01 0. 0. 0. 0. 0. 0. 0. 0. 0.
    1.76470593e-01 1. 1. 1. 6.11764729e-01 3.92156877e-02 7.45098069e-02
    1. 1. 1. 7.96078503e-01 1.21568635e-01 0. 0. 0. 0. 0. 0. 0.
    1.56862754e-02 7.52941251e-01 1. 1. 1. 2.23529428e-01 0.
    7.84313772e-03 3.01960796e-01 1. 1. 1. 1.72549024e-01 0. 0. 0. 0. 0.
    0. 0. 2.35294141e-02 1. 1. 1. 1. 2.23529428e-01 0. 0. 2.03921586e-01
    9.37254965e-01 1. 1. 1. 1.21568635e-01 0. 0. 0. 0. 0. 8.62745121e-02
    1. 1. 1. 9.52941239e-01 3.37254912e-01 0. 0. 0. 0. 3.72549027e-01 1.
    1. 1. 1. 2.62745112e-01 0. 0. 0. 2.15686291e-01 9.09803987e-01 1. 1.
    1. 5.25490224e-01 0. 0. 0. 0. 0. 1.88235313e-01 7.60784388e-01 1. 1.
    1. 9.37254965e-01 5.01960814e-01 5.01960814e-01 5.01960814e-01
    8.62745166e-01 1. 1. 1. 8.39215755e-01 2.62745112e-01 0. 0. 0. 0. 0.
    0. 1.56862751e-01 7.72549093e-01 1. 1. 1. 1. 1. 1. 1. 1. 1.
    8.78431439e-01 2.03921586e-01 0. 0. 0. 0. 0. 0. 0. 0. 6.66666701e-02
    1.01960793e-01 9.76470649e-01 1. 1. 1. 1. 1. 1. 1.01960793e-01
    8.23529437e-02 0. 0. 0. 0. 0.</data></images>
</opencv_storage>
